19.413271866788094 6.773981560036428
18.73837499377744 7.5171979084348255
17.97359367918227 8.22435567990196
17.116927061302555 8.88946858101893
16.16608224317582 9.50567117544858
15.118475172710566 10.0649774768191
13.971247440405088 10.557962293635573
12.721313713520379 10.973332994552711
11.365466728119813 11.29734351990894
9.900590039142605 11.512977852307634
8.324074424521406 11.598791994867822
6.634626426633604 11.527245792458569
4.833851447829649 11.26227596830608
2.9294128087022218 10.75578263788782
0.9414908567613189 9.94276768516863
-1.0837422694575227 8.73572199360347
-3.046250542479421 7.023070038390065
-4.740691504244193 4.692394228700998
-5.804512083459756 1.73752267859602
-5.838124464064164 -1.5257313992778565
-4.822739781275502 -4.514841311980081
-3.146984882610437 -6.885741064678304
-1.1849243760084476 -8.630191579405082
0.8479018424976585 -9.859232281192742
2.8461838245296924 -10.68659954119251
4.761392638197867 -11.202051008799872
6.57236699212886 -11.472271758511107
8.271078574833563 -11.5465343364687
9.855829268151266 -11.461706015891577
11.327937902645962 -11.245882105990873
12.690087277113209 -10.920895444196741
13.945483729946611 -10.504038847226644
15.09742634134333 -10.009258587629324
16.149087991866526 -9.447994276637738
17.103408060653027 -8.829780451990004
17.963044507483477 -8.162685399033482
18.73035742328975 -7.453637104889792
19.407408846458576 -6.708669773246655
19.995970449384995 -5.933113660432526
20.49753442035026 -5.131744004838839
20.91332493155991 -4.308900184165172
21.24430874243683 -3.4685831205768562
21.491204138034167 -2.614536843135976
21.654487764664598 -1.7503186809984688
21.734399120849023 -0.879361590467697
21.730942561180452 -0.005031480849954417
21.64388671440136 0.8693179849559048
21.47276122974121 1.7402908276458193
21.216850763988354 2.6043921495592914
20.875186119356375 3.457967050150907
20.446532453405485 4.297132250741489
19.929374527113453 5.11769701077783
19.321899067853582 5.915068982306859
18.62197455600325 6.684139257325564
17.827129195946455 7.4191388076782365
16.934528683993065 8.113455473360313
15.940956970343688 8.759396104235678
14.842806160442285 9.34787156975123
13.636087235568114 9.867971770888529
12.316483826926579 10.30638131693218
10.879491839818005 10.646560599457853
9.320728849165876 10.867576010400997
7.636581962897662 10.942399096887675
5.825543425900499 10.835400120691721
3.890980330475754 10.498647812069494
1.8469779201441385 9.866606212210751
-0.2691155066734279 8.84945244433575
-2.369899924086741 7.328885282087951
-4.2659506276242976 5.17518172149647
-5.603744288599004 2.344235995030026
-5.9544757225037985 -0.8996312858227422
-5.228817214886276 -3.980872315051261
-3.775847196844352 -6.508386920639708
-1.9729610463305896 -8.432754878290744
-0.05016577558292257 -9.844611846186243
1.874705147248625 -10.849139537177514
3.7441211394289216 -11.532743011609767
5.530622063746297 -11.960949255599017
7.221708635887817 -12.182805072551814
8.812428808115161 -12.235345794194366
10.301669823164486 -12.14699090056306
11.690251523573924 -11.939945755741773
12.979920124689952 -11.631874808548822
14.172806527631709 -11.237073095523352
15.271131374476623 -10.7672971622674
16.27704439723748 -10.232363936678594
17.19253819729655 -9.64058977787262
18.019403704104235 -8.99911795324532
18.759208966105682 -8.314167142025843
19.413290787308437 -7.591223310094373
19.982753113092183 -6.835190524149338
20.46846856846741 -6.05051174474165
20.8710809961219 -5.24126757864829
21.191007683224672 -4.411258887169264
21.428440456541843 -3.5640777225467284
21.583345107478294 -2.7031700973795134
21.655458764525154 -1.8318934521229548
21.644284908764195 -0.9535712923374597
21.54908575790885 -0.07154727270443739
21.368871744612285 0.8107590132676467
21.10238779906811 1.689792121040167
20.74809612689389 2.561793948464761
20.30415516677392 3.4227266637193043
19.768394443202947 4.268181071699363
19.13828514133849 5.093264740054057
18.410906502751207 5.892462155833868
17.582908720880223 6.6594561331864055
16.650474184612218 7.3868951088245
15.60928122179795 8.066083981781404
14.454479006596689 8.68656536155911
13.18069119114537 9.235541141364324
11.782083632546266 9.697057329227174
10.252568036560836 10.050831730239587
8.586290019055294 10.270534737546834
6.778716526057448 10.321226438913873
4.8290105368705625 10.155508194260005
2.7452379363492785 9.707845116479827
0.5559160995157275 8.886933649292338
-1.6644920370463905 7.569073301994258
-3.743728281949165 5.609251099446412
-5.341077936215561 2.9274152557460997
-6.005210493937418 -0.26591171352338483
-5.577834319863329 -3.4109064956879185
-4.3625524899261565 -6.074088379609449
-2.7354814680205433 -8.163926114306403
-0.9392183315019529 -9.748817301577784
0.8965134194440549 -10.924035574369313
2.7053673303628933 -11.771746780059622
4.453612656809075 -12.355734497592685
6.124252410532185 -12.724419734647594
7.709036591756075 -12.914722000556537
9.204373852578566 -12.955176474586366
10.609176505469893 -12.86820328850685
11.92369036167499 -12.671715986055148
13.148842577608885 -12.380260993969008
14.2858705552807 -12.005832838036712
15.336107584936354 -11.55846564701344
16.30085791691033 -11.046669131081101
17.181323741778083 -10.477755188101387
17.978562612643774 -9.858086619797634
18.693462739143946 -9.193269699447661
19.32672863480979 -8.488305829801053
19.878872529975556 -7.747713149775761
20.350208691728504 -6.975625970360625
20.74084882519098 -6.175877879985065
21.050697350103313 -5.352072957975535
21.27944571571085 -4.507648577983984
21.426565130199716 -3.645932646776851
21.491297194621893 -2.770197728976939
21.472641979286184 -1.8837143090778299
21.36934308390741 -0.9898054167369067
21.179869195230218 -0.09190498966236438
20.902391608255904 0.8063773084666067
20.53475712139599 1.7011815128141596
20.07445566951508 2.5883088146880007
19.518582053453002 3.463113477330105
18.863791220301106 4.320367605476127
18.10624686226133 5.154088129210947
17.24156386307009 5.957310780982611
16.264746787153776 6.7217888299157424
15.17013010382751 7.43758342280626
13.951333081087741 8.092495107802185
12.601257330048082 8.671258337281301
11.112186696934833 9.15437551347762
9.476117583660605 9.51639327656965
7.685599473694062 9.723305598987325
5.735712476898531 9.728595081844787
3.6286237705572413 9.467247806931676
1.384086784264646 8.847291591214624
-0.93654248036077 7.740942049657097
-3.17918165957129 5.989969605984164
-5.019360185985308 3.4807117492717383
-5.990014046122183 0.3684757021032876
-5.866601733932793 -2.8110618234742764
-4.901906742744705 -5.587487338225422
-3.4659723092159718 -7.8267658700707985
-1.811873106080911 -9.573390560376131
-0.08044108638444447 -10.911411991660962
1.6534352608308238 -11.917873199197269
3.3498375179822673 -12.65422316366528
4.987280196856981 -13.167849590903721
6.5541961569207965 -13.495265260217007
8.044486362783001 -13.664906451324752
9.455124397150964 -13.699245098176938
10.784825674652591 -13.616316914558062
12.033286157243047 -13.430818653010066
13.20073554759392 -13.154900760902782
14.287669275015121 -12.798746767426799
15.294684739203593 -12.371002818058084
16.222379629333112 -11.879100956189344
17.0712877846183 -11.329506228131478
17.841837966084746 -10.727908560189777
18.53432660981118 -10.079374189844739
19.148898986916635 -9.38846724113298
19.685535207063786 -8.659349163050145
20.14403872501819 -7.89586177053298
20.524025758324505 -7.101598260180043
20.82491448043425 -6.279965634440526
21.045913124804365 -5.434241339887241
21.186006285490222 -4.567626532223247
21.243938766977717 -3.6832981784970618
21.21819634357482 -2.7844621749348786
21.106982750707587 -1.874409796777643
20.908192156167008 -0.9565801255867347
20.619376256605435 -0.03463166607879975
20.237705024033172 0.8874727503720825
19.759920008641625 1.80536234290464
19.182279029140027 2.7141286091666514
18.50049113587934 3.6081589768547477
17.709641093966567 4.480918905406722
16.804103674494616 5.32466046844865
15.777450538900595 6.130024497155208
14.62235810502893 6.885485910550241
13.330537075563296 7.576563534971605
11.892731270982894 8.184669039250627
10.298893376499842 8.685392060376119
8.538781719006476 9.045891004185311
6.603541801233597 9.220861004127157
4.489604585148713 9.146306885172653
2.2080960215244003 8.73037326593265
-0.19277994035733848 7.842484653607196
-2.5778918802781035 6.313299544981848
-4.64208211673847 3.99817191489871
-5.909324350278868 0.9966421396618035
-6.092608215592352 -2.187703558915477
-5.389246829979315 -5.05367707561123
-4.158298366641459 -7.424914536564502
-2.660982917180932 -9.32053626893299
-1.0483130383533774 -10.812109882181463
0.5966435626921553 -11.970684118731754
2.227919679859888 -12.854781663781988
3.81958757554623 -13.510345369018927
5.3567695207668296 -13.973185646924533
6.830848330066966 -14.271420778071182
8.23684161646182 -14.42740752375752
9.571915168264587 -14.459173365354616
10.83451480621194 -14.38146133690377
12.023844934848327 -14.206493212155431
13.139547341653424 -13.944531971969356
14.181498786795071 -13.604301472109526
15.149680690570571 -13.193303904869005
16.044093395204875 -12.718063434892297
16.86469835211125 -12.184315974556704
17.61137791548159 -11.597159296067275
18.28390619239979 -10.961173713609021
18.881926688019696 -10.280520830562358
19.404933894355846 -9.559025945754296
19.85225684732431 -8.800248391210516
20.223043219760005 -8.007543161597741
20.516242847377764 -7.1841165810415815
